name: dev
channels:
  - conda-forge
  - defaults
dependencies:
  - backports=1.0=py_2
  - backports.functools_lru_cache=1.6.4=pyhd8ed1ab_0
  - brotlipy=0.7.0=py36h68aa20f_1001
  - ca-certificates=2021.5.30=h5b45459_0
  - certifi=2021.5.30=py36ha15d459_0
  - cffi=1.14.6=py36he58ceb7_0
  - click=8.0.1=py36ha15d459_0
  - colorama=0.4.4=pyh9f0ad1d_0
  - cryptography=3.4.7=py36hd0de82c_0
  - dataclasses=0.8=pyh787bdff_0
  - english=2020.7.0=pyhd8ed1ab_0
  - flask=2.0.1=pyhd8ed1ab_0
  - idna=3.1=pyhd3deb0d_0
  - importlib-metadata=4.6.1=py36ha15d459_0
  - intel-openmp=2021.3.0=h57928b3_3372
  - itsdangerous=2.0.1=pyhd8ed1ab_0
  - jinja2=3.0.1=pyhd8ed1ab_0
  - joblib=1.0.1=pyhd8ed1ab_0
  - libblas=3.9.0=9_mkl
  - libcblas=3.9.0=9_mkl
  - liblapack=3.9.0=9_mkl
  - m2w64-gcc-libgfortran=5.3.0=6
  - m2w64-gcc-libs=5.3.0=7
  - m2w64-gcc-libs-core=5.3.0=7
  - m2w64-gmp=6.1.0=2
  - m2w64-libwinpthread-git=5.0.0.4634.697f757=2
  - markupsafe=2.0.1=py36h68aa20f_0
  - mkl=2021.2.0=hb70f87d_389
  - monotonic=1.5=py_0
  - msys2-conda-epoch=20160418=1
  - neobolt=1.7.17=py36h68aa20f_2
  - neotime=1.7.4=py_0
  - numpy=1.19.5=py36h4b40d73_2
  - openssl=1.1.1k=h8ffe710_0
  - pip=21.2.1=pyhd8ed1ab_0
  - prompt-toolkit=3.0.19=pyha770c72_0
  - prompt_toolkit=3.0.19=hd8ed1ab_0
  - py2neo=2021.1.5=pyhd8ed1ab_0
  - pyahocorasick=1.4.0=py36h779f372_2
  - pycparser=2.20=pyh9f0ad1d_2
  - pygments=2.9.0=pyhd8ed1ab_0
  - pyopenssl=20.0.1=pyhd8ed1ab_0
  - pysocks=1.7.1=py36ha15d459_3
  - python=3.6.13=h39d44d4_0_cpython
  - python_abi=3.6=2_cp36m
  - pytz=2021.1=pyhd8ed1ab_0
  - scikit-learn=0.24.2=py36h35b34c0_1
  - scipy=1.5.3=py36h7ff6e69_0
  - setuptools=49.6.0=py36ha15d459_3
  - six=1.16.0=pyh6c4a22f_0
  - tbb=2021.3.0=h2d74725_0
  - threadpoolctl=2.2.0=pyh8a188c0_0
  - typing_extensions=3.10.0.0=pyha770c72_0
  - ucrt=10.0.20348.0=h57928b3_0
  - urllib3=1.26.6=pyhd8ed1ab_0
  - vc=14.2=hb210afc_5
  - vs2015_runtime=14.29.30037=h902a5da_5
  - wcwidth=0.2.5=pyh9f0ad1d_2
  - werkzeug=2.0.1=pyhd8ed1ab_0
  - wheel=0.36.2=pyhd3deb0d_0
  - win_inet_pton=1.1.0=py36ha15d459_2
  - wincertstore=0.2=py36ha15d459_1006
  - zipp=3.5.0=pyhd8ed1ab_0
  - pip:
    - chatterbot==1.0.4
    - chatterbot-corpus==1.2.0
    - importlib-resources==5.2.0
    - mathparse==0.1.2
    - nltk==3.6.2
    - packaging==21.0
    - pint==0.17
    - pymongo==3.12.0
    - pyparsing==2.4.7
    - python-dateutil==2.7.5
    - pyyaml==3.13
    - regex==2021.7.6
    - sqlalchemy==1.2.19
    - tqdm==4.61.2
prefix: E:\anaconda\envs\dev
